0.7632087228804726
0.7717244286363015
0.7775295419186817
0.7763692254157112
0.7809305514113575
0.7469838048000653
0.7810986584058617
0.7713984160920188
0.7627638963767056
0.7909189384812584
0.742974659399379
0.780231011036767
0.761875017642303
0.7634177543190707
0.7827189680705132
0.7385094586776376
0.7760592173067925
0.7651623952122465
0.742613010264272
0.7634759620724685
0.7429624633236528
0.76469998062228
0.7751135720478535
0.762273777969858
0.7448134106323068
0.7452844207185425
0.738426142487654
0.7722789816037956
0.774879174808637
0.7720568722740371
0.761047323180037
0.7769570977110515
0.7759359063114765
0.7449668129437097
0.7751791531713835
0.747204562897243
0.7431441683134796
0.7541413303272351
0.7736451500622747
0.7705750672666202
0.7653484310819622
0.7686279181446936
0.7479639629181044
0.7752838332748565
0.7468899605788872
0.7683960774554576
0.7711246842914777
0.7634177543190707
0.743842432871057
0.7752674717011224
0.7742646595090253
0.7688806919149205
0.7774482843395063
0.7720059908187253
0.7460502534103022
0.767013104628283
0.7755080616526127
0.7728526000231551
0.772059874579926
0.77758029837423
0.7749940489440026
0.7807019984893063
0.7692735546895666
0.7472419034458034
0.7625595592432958
0.7768555227412866
0.7868786183299672
0.7427629027245362
0.7686914414681841
0.7676294934880605
0.7694644899140127
0.7682955845348952
0.768345036755278
0.7640396424682808
0.7622219400978884
0.7435440043725023
0.7728162650129389
0.7643533670777527
0.775995890727059
0.7834402201524079
0.7637524168141926
0.7539843049051058
0.7795905712514393
0.776723716951818
0.7666987361002818
0.7747064395095488
0.7682408690558016
0.773885721675559
0.7736984391517117
0.7463364645428832
0.7790219348626939
0.775504062984028
0.7522088259568075
0.7698204647673502
0.770937668787266
0.7742897378081124
0.7727101716049568
0.7470038203050522
0.7807649247864208
0.7771209977519856
0.7464734151401649
0.7618841497836571
0.746421888840424
0.7626109246994746
0.7696459079185838
0.8058737151480994
0.738870611627582
0.7807386277370099
0.7759389766238597
0.7750505042870139
0.7803972006684315
0.7547037162143407
0.7683687911852907
0.7470063279577684
0.7746168401899785
0.7691418385996153
0.7850221378563419
0.7618841497836571
0.7676600833497924
0.7688275858074205
0.7647910772499614
0.7744131708538969
0.7454707931624918
0.7756024861932028
0.7801675981496742
0.7775488924599845
0.76176074390088
0.741820196489413
0.7724152563750307
0.7667039501388468
0.7635195991805352
0.7786275671929516
0.7454667257402215
0.7448370401572083
0.7776072243764339
0.7854065976167107
0.780625321491356
0.7564816592173136
0.7938329333300395
0.7859028216664956
0.781847146363783
0.7809625272434843
0.7683611358667074
0.7441001507591448
0.7717274573048228
0.765749966709375
0.7751902029288884
0.7565525784137764
0.7461803810898358
0.7700597917636561
0.7444421554610954
0.7468099147920413
0.7663946290872723
0.7776326971169715
0.7775295419186817
0.7412927733491692
0.7763692254157112
0.7570118506856185
0.7662368486792333
0.7757019856239372
0.7729734352215236
0.7699936280127632
0.7684487616264155
0.7751478038201971
0.7709443070701653
0.7755722507595675
0.7836188718655355
0.7467125917969906
0.7814938849576557
0.7753844707940128
0.7761704618217352
0.7723417255935419
0.7724935379610771
0.7740632719904406
0.791460307903547
0.7711083921666377
0.7696768289958631
0.7735482189235686
0.7684214863806912
0.742103262655708
0.7436830253869713
0.7685417562351424
0.7776693249927762
0.7584789677241701
0.777970989979906
0.7674163347457789
0.7438202823534592
0.7766549070261263
0.760878895594555
0.7418920552731472
0.7495186264790311
0.7798508611825864
0.7732800613378534
0.7651817767808363
0.7436830253869713
0.7708460999015893
0.7751520107274951
0.7760114935956813
0.7743565780512185
0.7448370401572083
0.7714853303996082
0.7749154179845328
0.7644499969566362
0.7701864020962086
0.7751671567221485
0.7731939093981046
0.774251634226657
0.7798317779679693
0.7767699911733554
0.7654436158228163
0.7692108730307733
0.7802825476100927
0.7736979313383463
0.7659257215325519
0.7765908340419224
0.7754122040800862
0.7870136916153431
0.7697567220020256
0.7427629027245362
0.7433668327386936
0.7549982067887693
0.7720273918668981
0.7745504472379418
0.7622219400978884
0.7694484145983052
0.7682291173652767
0.7749870677255108
0.7424881149988533
0.7751696022993292
0.7644483854458417
0.7766403493849271
0.7692943028432911
0.7680271726354091
0.774486978201502
0.7803291541332118
0.769744696526168
0.749368395963002
0.7774348685713481
0.7776968718257282
0.7722285451778882
0.7735544001606527
0.7693032194080573
0.7429692097830731
0.7716081630636903
0.7948265475697598
0.7751696022993292
0.7774698606410942
0.7551635561030268
0.7638544790652212
0.7735112285759713
0.775401851553979
0.7796513126281986
0.7695047927931713
0.7715901658082003
0.7435253376446245
0.775527970379856
0.7441038529570447
0.7752126268624145
0.7762660633287694
0.7727101716049568
0.7424881149988533
0.7731862229152612
0.7704132459337565
0.7631404276206923
0.7753392068068445
0.7421729917564451
0.772473379498581
0.7816142025497937
0.7613092926200195
0.7743436413159883
0.7722423554186628
0.7738035759229026
0.7803464054898867
0.7699449630259513
0.7736979313383463
0.7683612763962165
0.7713184500339939
0.7626129122283178
0.7698204647673502
0.7640118853890326
0.757265818860757
0.7651102029015197
0.7701670655912932
0.7833357915819014
0.7696184290448431
0.7482584222154388
0.7746505146091718
0.7744783371768875
0.7667935246428783
0.7798317779679693
0.744826356257123
0.7649951338128181
0.7766523018610677
0.7447764269324813
0.8029876877378689
0.7687223988936496
0.7687728728336571
0.7487723033267506
0.7435337877222604
0.7577591155296993
0.7739161338201959
0.7772187215862038
0.7744581639155537
0.7606450459166599
0.7806317447424203
0.7642177663853436
0.7587693695487736
0.7760196522258002
0.7427087479089314
0.7870220122005888
0.7429485259981993
0.7469191012279285
0.7556051100527779
0.7808534378037483
0.7720514629278189
0.7626947980281337
0.7854065976167107
0.7432345211316551
0.7707788344095243
0.7630990908268003
0.7776112310082399
0.7784776729460539
0.7761751225704356
0.7756441172692807
0.766192058460522
0.7692735546895666
0.7739305975991226
0.7718213578223234
0.7646672181882492
0.7692943028432911
0.7428248939796701
0.7641133891526515
0.7789840181434305
0.7720131128781207
0.7481854156101845
0.7551635561030268
0.770341190159165
0.780861743028857
0.7686546866256035
0.7676056785826825
0.7435440043725023
0.7735392540452362
0.7731677132327013
0.7530908676415192
0.7556302471873753
0.7705678892410687
0.7685338562306734
0.783877850640991
0.7428123448630202
0.7592981027398359
0.777970989979906
0.7396496615974965
0.7761265974419641
0.7754775911278299
0.7757678282987004
0.7776934465929136
0.7691291485644997
0.7682668883155345
0.7624355715416368
0.7470063279577684
0.7450764432385599
0.7435773379159709
0.754641520431155
0.7692258875511677
0.7473694799523684
0.763785781354371
0.7729090921571826
0.7538364582509975
0.7628542310159782
0.7776027404964113
0.7838983710271101
0.7833112970422175
0.7694828384184603
0.7725050289346319
0.7791492772915203
0.7676458935872223
0.7651623952122465
0.7449394292433551
0.7463164388075831
0.7772279602211088
0.7693032194080573
0.7726283909879427
0.7774907515940668
0.7824675638771298
0.7432964232624834
0.7772279602211088
0.7815087835159651
0.7684073316492563
0.7863028222975451
0.7755147357728208
0.775527970379856
0.7461660360183904
0.7720298222209424
0.7819441939251438
0.7784408123254953
0.7756635885593774
0.738812315283407
0.7627994624848146
0.7772378386510381
0.7776693249927762
0.7444795062581975
0.7776281035714349
0.772017731031613
0.7773775282118525
0.7618576075774752
0.7770517754501931
0.7656864990635682
0.771229010243291
0.7911949686254286
0.7787296509685068
0.7695195972204015
0.7715853021997782
0.7478942692465841
0.7635134797616314
0.7663924925682533
0.7437836000689371
0.7456205549726554
0.7626525847772198
0.7731478910670937
0.7620124782144266
0.7766124444366671
0.7421695599486806
0.7775593740227333
0.7752168454576419
0.7461660360183904
0.7387562475343351
0.7823422440245013
0.7574249270887929
0.774720683105439
0.7488571080856523
0.7455987505831659
0.7817904176519189
0.7666710408543524
0.7654436158228163
0.7692643007537279
0.7483948171938752
0.7470389227715994
0.7420517498195927
0.7741960629905533
0.7756510535787404
0.7774223053241042
0.7738931308749102
0.7751901985240988
0.7470224825975011
0.7894316147621533
0.7561924095349306
0.7456595050771176
0.7747956782260804
0.7465385458317898
0.7707248230460881
0.7444201901578503
0.7750842358954096
0.7524099911535914
0.7738463731817731
0.7866244112061975
0.7494481158625312
0.7712810663589306
0.7773595935236083
0.7729316968666515
0.7436048944251429
0.7575893813139694
0.7807813454389168
0.7663751795441526
0.7626763083212055
0.7630344287788429
0.7523805232376011
0.7958807892833638
0.7694484145983052
0.7737658739439156
0.793730294802602
0.774720683105439
0.7435140210486613
0.741820196489413
0.7735238183942057
0.762492147361013
0.762500161493396
0.7777572437004049
0.7628542310159782
0.7552083634097546
0.7801977850131048
0.7727977460149404
0.7669842717970377
0.7535609586298149
0.7844206540479797
0.7808534378037483
0.7878625027246982
0.7465043343590884
0.7426666428657581
0.7909243110744274
0.7819395829780253
0.7411006777569338
0.7420124129723951
0.7803336898073375
0.7699519428257111
0.7784371810241053
0.781847146363783
0.7430389757512657
0.7755307511040697
0.7613724098114381
0.7719562629401683
0.7426897727873867
0.7645918775991684
0.775439807366737
0.7833536432257104
0.7762493015783035
0.7630584928778458
0.747204562897243
0.7746505146091718
0.7454336149327038
0.7432330533685119
0.7464139891254787
0.7770278469236569
0.7574249270887929
0.7702256094463424
0.7736560755895355
0.7656518433713972
0.7490858798208369
0.7833687356681683
0.7783500423267783
0.7666975113338869
0.7698369485636444
0.7467161923338119
0.7447337824517347
0.7748224678978524
0.7471099175045373
0.7643668597234375
0.7739081735830057
0.7746596825922523
0.7738733906754011
0.7753579056289059
0.7719831497536301
0.7676930453561396
0.742315774105484
0.7628012871140657
0.7780852168423494
0.7710711743044374
0.7636980482530156
0.7741169117146253
0.7430400635988089
0.7552853522048866
0.7449517851297421
0.7703369014459188
0.773953837930445
0.7469515464667451
0.7678356426702561
0.765764662995035
0.7641238943948374
0.7648571876452779
0.7620385898707618
0.7582992919591562
0.7774574890932433
0.7686039029236931
0.7467650143307625
0.7434560319364706
0.7492537242260198
0.7747674218408993
0.756284389888777
0.771533665532478
0.7734086956341867
0.7448370401572083
0.7629617938721522
0.7663924925682533
0.7773264307492651
0.771533665532478
0.774437965361232
0.7536308746391753
0.7954155254983029
0.7699726081732251
0.7867628928849384
0.7675120349073676
0.7615262577741314
0.7688161000036504
0.7720576284038144
0.7845842162023604
0.7726433874258444
0.7620498593035869
0.745427475364498
0.7628012871140657
0.774497850075743
0.7746394096321144
0.7779554789279371
0.7748077750691139
0.7692517396210661
0.7483975508214108
0.762219723052857
0.7426750240503888
0.7695955078529263
0.7756677408114888
0.75711394350373
0.7763233804357385
0.7753102057359533
0.7708460999015893
0.761393372804489
0.7725536718585855
0.7692943028432911
0.7639643747132884
0.766570153852014
0.7731014695427292
0.7720109069611453
0.7722480496489029
0.7623936627902996
0.7761256935392604
0.7774595264363666
0.7751427609123274
0.7704132459337565
0.741656610379362
0.7584894239293593
0.7632770340956329
0.7434479294454747
0.7703674280946474
0.7437480194152757
0.7692401022584235
0.7831997141967787
0.7431192228672691
0.7607236812287381
0.7588266859090459
0.7776791593685404
0.7661820721921868
0.7712387441438032
0.7699485049198799
0.7806657944702892
0.7832800309835112
0.7683919011318269
0.7917518669817608
0.7809791382863768
0.7492537242260198
0.7683759903672103
0.7637524168141926
0.7760161695627106
0.7742356727621656
0.7740520467631324
0.757265818860757
0.7526831279526521
0.7552083634097546
0.7430808276528665
0.7607236812287381
0.7705678892410687
0.773937150909019
0.7944886955838284
0.7472009325295006
0.7780409490986255
0.7626763083212055
0.7765485005330577
0.7749735577654631
0.7792180922434038
0.7451904863740383
0.7830052534130437
0.774700908472462
0.7713984160920188
0.7470071701391301
0.7778297710020668
0.7666588231556045
0.7754657225204107
0.7682277917660738
0.7723364630555508
0.7411967297509032
0.772646431171115
0.7438548083654786
0.7640061138291991
0.7718761935443735
0.7430808276528665
0.7863360102624002
0.7758005179525314
0.7716838032470561
0.7720625595147358
0.7683612763962165
0.7641592757843545
0.7656518433713972
0.7581644104158709
0.7457971345197876
0.7467195501560256
0.7665798936383977
0.7668137018787267
0.7833348425035958
0.7666710408543524
0.7762975715794453
0.7767972779857433
0.7452200196416973
0.7870853921024957
0.7433237037714433
0.7746582677021772
0.7739941820474233
0.7776055761887194
0.7841270587684216
0.771380094106589
0.7744029421561958
0.7649951338128181
0.772132039395632
0.7756295308104465
0.7789123926460756
0.7704135668899941
0.7747064395095488
0.775940725777818
0.755430232164744
0.7834370289758267
0.7788181902898813
0.7708588181317967
0.7717603381336665
0.7720514629278189
0.742370734318872
0.7490140660459671
0.7627994624848146
0.7657531992572826
0.7692457126461518
0.7386508337339863
0.76837771755306
0.7441924676858848
0.7463965666603037
0.7701806406198353
0.7458138708042551
0.7786499810262889
0.7977753272906334
0.7734809946520961
0.7537526510648005
0.7683888702286876
0.7796601282528514
0.7479639629181044
0.7865171084010678
0.756481352268488
0.7721920048445275
0.7671182989028913
0.7756040131726947
0.7798879269527433
0.7756835632816338
0.773286195622735
0.7747956782260804
0.7417390516893684
0.7720377186356888
0.7736511188623286
0.7696888262268514
0.7483747642294549
0.7477317235812264
0.7415124321878539
0.7738871894844813
0.7559813231758054
0.7832418727896335
0.7760186683398083
0.7756295308104465
0.761771738119045
0.7705269941855118
0.7470038203050522
0.7658542135328908
0.7634222742099063
0.7815795752504032
0.7717274573048228
0.7775593740227333
0.7797532481163483
0.7682422211477444
0.7571952895081658
0.7431034544460162
0.7799843270704238
0.7832078087901717
0.7842362290550515
0.7466556758468124
0.755407512581457
0.7689406188156517
0.774992267127903
0.7561680872244789
0.7475533202390301
0.7868786183299672
0.770225181752957
0.766192058460522
0.755400265922145
0.7453779065571209
0.7616883410031263
0.7746736857583137
0.7429553534566702
0.7860467731521832
0.7765220751562291
0.7619619193145821
0.7806222251352288
0.7431441683134796
0.7452400244063444
0.7707460610373136
0.7430341507022798
0.7762031198567338
0.76306930573603
0.7692389401648088
0.7713870012577624
0.7686279181446936
0.7760466475183275
0.7661767305760948
0.7460996742838363
0.7627842641318833
0.7783757903187732
0.7772525237594593
0.7808751691674357
0.7415640898690842
0.7462582537833983
0.7682497409629796
0.7785973447647987
0.7788726314016703
0.7948265475697598
0.7739980147395332
0.7682363179752697
0.7755604490845207
0.7956909278940452
0.771533665532478
0.7417054955443294
0.7683345392031712
0.7780489945500632
0.7818776610087422
0.7709641598792423
0.7775193753483532
0.7765485005330577
0.7446297946265403
0.7453935396714113
0.7426539379639043
0.7442589745967908
0.74435155050939
0.7751020542874982
0.7798580113777754
0.7691418385996153
0.7618666923243212
0.7776112310082399
0.7610532272132972
0.7646343884166857
0.7450962581088711
0.7720328996011764
0.7703724419850353
0.7706849350238129
0.7756083324018848
0.7785973447647987
0.7776027404964113
0.7607847307227683
0.7751716669684213
0.7432283446081677
0.7847882050941317
0.7744347464775315
0.7792000332133778
0.7643603417052113
0.7756364237399025
0.7536953243023893
0.7613724098114381
0.7958807892833638
0.7874384969313766
0.7761530445005328
0.7417089642051717
0.7705064386721365
0.764887587764495
0.741777243110813
0.7682316821129629
0.7756490672744533
0.746658232904286
0.767341352183419
0.7801131342703789
0.7618576075774752
0.7629777774163478
0.7765806277889068
0.7465043343590884
0.7674412299076885
0.7831210277514732
0.7901026676068318
0.783196710378384
0.7760114935956813
0.7415124321878539
0.7719364250311147
0.744201772070708
0.761047323180037
0.7646107980792262
0.7753155024042314
0.7669689158654269
0.7636724391631888
0.7663640746676719
0.7627771462404477
0.7742620890793364
0.7464871514674888
0.7784408123254953
0.744382393583563
0.7637808325054134
0.772059874579926
0.7868254198080178
0.7725536718585855
0.7720325702590198
0.7437171851085029
0.7630344287788429
0.7728754006017283
0.7809629355001644
0.7797564931878778
0.7766124444366671
0.7736179106500075
0.7629094958183996
0.7694362944664768
0.7660854848458774
0.7723297363345017
0.7855185261296316
0.7620305311820134
0.7587481938928562
0.7856177593585825
0.7541388034457094
0.7796733727532028
0.7463965666603037
0.7869815766275481
0.76595518073216
0.7430991663422272
0.7457775749933698
0.7740458685074183
0.7877957437277376
0.745527979347611
0.7869815766275481
0.7649951508450493
0.7740003360916227
0.7668814091148652
0.7536308746391753
0.7747387625473068
0.767707359789993
0.7423248326325392
0.7755307511040697
0.7753334565635673
0.7611210021467738
0.7630144787864098
0.7676600833497924
0.7848944663407154
0.7829297757988273
0.7450751884604273
0.7810744479191833
0.7804019843710723
0.774109290658193
0.7432768786461524
0.7638366726385047
0.7477317235812264
0.7917363365550115
0.7614022705166278
0.7808247218950288
0.7731862229152612
0.7969968555982864
0.7464879411411094
0.7774907515940668
0.774379566491378
0.7616549052938439
0.7713184500339939
0.7752168454576419
0.743715818791103
0.7756341851705655
0.774720683105439
0.7923139202327477
0.7756130860422549
0.7645639459864675
0.7734521213930657
0.743893367725473
0.7803972006684315
0.7470247044381635
0.7460162923692892
0.7437995892928005
0.7682915362998233
0.7771102900987339
0.7632833009920021
0.7745805553567447
0.7739932775687407
0.7768210963069495
0.7676930453561396
0.7654436158228163
0.7713870012577624
0.7647708564328631
0.7470170286090841
0.7751639842798705
0.7718762890168506
0.769868421874311
0.7675120349073676
0.7570118506856185
0.7751478038201971
0.7829923891735703
0.7823422440245013
0.7775388801513016
0.7692622943703227
0.782215537222969
0.755400265922145
0.7805163510644659
0.7808256612016368
0.7621312270263713
0.7813458617994382
0.7611584396705141
0.7551876466468462
0.772017731031613
0.7682589226692932
0.7453375873838131
0.7827354528114168
0.7621215504573049
0.7428027115647712
0.757265818860757
0.7808707192912366
0.7746596825922523
0.76824175097877
0.7438366836968364
0.7758093062944748
0.7818756282367526
0.7776118523997466
0.7672458026810848
0.7810012149390443
0.7463421086409655
0.7598598409650121
0.7483653552842839
0.7683345392031712
0.7676930453561396
0.755407512581457
0.7665018559735179
0.7744783371768875
0.7751191649803768
0.7500677756953565
0.7470477218563555