0.5049616337681267
0.533037441691404
0.5200048051436308
0.5541860010809022
0.5172284861039205
0.5000147830265906
0.5207310411700812
0.5173209214868632
0.5048091471065586
0.5244933876541854
0.4972968601136564
0.5222278426303654
0.5081594168696666
0.5108666984360555
0.5410194371104792
0.49801986501197537
0.5158324961022634
0.5127454065541988
0.5010436249029687
0.512861839339829
0.49941706245711676
0.5128864924689284
0.5212991896571579
0.5107652375658434
0.5030652043106181
0.5036037703539923
0.4979916559679211
0.5124702430635698
0.5204315284816672
0.5121184137717997
0.504803536785567
0.5165306473924879
0.5153792758298464
0.502820274890344
0.5136737925376555
0.5040839311418631
0.4991492471383714
0.5053461957687635
0.5107943692287923
0.5096458195317252
0.5120449896403464
0.509300757549989
0.5004560508417046
0.5154813826238884
0.5000400286118226
0.5083740651842413
0.5157782222249501
0.5108666984360555
0.49957557850166034
0.5125765022805621
0.5165775730671124
0.5053009208999163
0.5161472685148312
0.5119868740916251
0.5017981103305804
0.5118059167448845
0.5100078506167927
0.5134474631701178
0.5120574474195225
0.5154326075966554
0.5151038691243438
0.5331788421034056
0.5078743401072898
0.4999981231918708
0.5131044225696993
0.5242525267518211
0.5227561651240469
0.4991380177825157
0.5088564767602328
0.5122388547443703
0.5183915727484949
0.5078203347925999
0.5081462498878814
0.5052945363235896
0.5046766623056306
0.49952334915480107
0.5110378276593773
0.5133533301333508
0.513730379199913
0.5286719507177485
0.5122386250960559
0.5036985138361663
0.5292829433768177
0.515373275518675
0.5151557097570311
0.5150256239940861
0.5124688119946011
0.5202531993538364
0.5169566031217191
0.5020774407856387
0.5234759448478976
0.5141754133504003
0.5043337787655455
0.5098958778928516
0.5128437530573199
0.5167712862025696
0.5238905974013176
0.5000694146677287
0.5167913972588968
0.543331044941905
0.4997465341724952
0.5056194733991617
0.49993056654298945
0.5086218953601581
0.5184040247422737
0.5312114622022134
0.49816921863593217
0.563002271982212
0.5145983748173505
0.5114369986483176
0.5517357703974459
0.5056849002689935
0.5078788944542363
0.5000284747234287
0.5189787727141891
0.5128140594267183
0.5212327375726926
0.5056194733991617
0.5153426741133081
0.5096820453982459
0.517483718823625
0.5094766655219596
0.5037442328656314
0.5102789202897471
0.543986246236679
0.5140552344177705
0.5099907686295995
0.5002386558487897
0.5151418003980914
0.5115160345486455
0.511310525675182
0.5231939481877425
0.5018218679254636
0.49920945736619643
0.5153706750271865
0.5213730324663592
0.5611250795827989
0.5040047405933927
0.5395750310355008
0.5216503366882834
0.5145924894900628
0.5251359010281871
0.5078667353451327
0.4984441655551049
0.5196983739694101
0.5088576401871128
0.5137096965574326
0.5057873325993395
0.499597686969113
0.5099250541154986
0.5019435643078406
0.4999193989779166
0.5113247042419897
0.522608115902241
0.5200048051436308
0.4989656944943731
0.5541860010809022
0.5076931571605373
0.5088407836893858
0.5239466248872565
0.5237844289321313
0.508278855596488
0.5084676977780126
0.5131847027563597
0.5271839862744228
0.5142338871201976
0.5212040972689923
0.4998687428106179
0.5260635922791314
0.5140460089079238
0.5364743030511195
0.5206886359837005
0.515680028368145
0.5190181366203848
0.5368302630620196
0.5089833711277032
0.5304400749709567
0.5224069921712231
0.5084199426776858
0.49951727722610484
0.49958851580949265
0.50862240727136
0.5240942225502052
0.5043695705548081
0.5261428425288907
0.50974090638111
0.49960951618818333
0.535600251589067
0.5072361082674448
0.49824776831234313
0.501380785792066
0.5294505944887409
0.5144970642761497
0.5060724982698459
0.49958851580949265
0.5128521699304484
0.5131062163862615
0.5433341483548457
0.5179446695553841
0.49920945736619643
0.5104324378146134
0.5118112164641172
0.5097174985168927
0.5116168949895786
0.5200710398241034
0.5106228133045357
0.5124314105919098
0.5160906094833058
0.5366965499988189
0.5262365141669856
0.5101666867387462
0.5474190241953281
0.5133195089375283
0.5278351191993199
0.5159327612666661
0.5140588821726032
0.5232847803435702
0.5180525533008781
0.4991380177825157
0.4990983438003036
0.5058632200620502
0.511978052742668
0.5124652164474842
0.5046766623056306
0.5092486275021241
0.5078902472548255
0.5110091862428693
0.4992889783409205
0.5136378556607155
0.5165362515404549
0.5185599803336137
0.514209603844213
0.5084239577164762
0.5177524384238851
0.5283739203569895
0.5128602111919112
0.5016197929319466
0.5259794488204308
0.525266999901206
0.5207497833602591
0.5154198483437189
0.5097939450389347
0.4974439070421131
0.5160229558147897
0.5400936521120806
0.5136378556607155
0.5456270487558061
0.5061760632128083
0.5114841135918413
0.5216890526027557
0.5241646450576818
0.5157847149868962
0.5186638877783658
0.5197254179430936
0.49801611097789833
0.5118130687825512
0.49885752993548016
0.5127579374949519
0.5360733734928466
0.5238905974013176
0.4992889783409205
0.5191841131461326
0.5123203199537308
0.511529909587271
0.523650144843383
0.4993748328666837
0.5071660667095663
0.5621352392854589
0.505138176881213
0.5171681324926727
0.5107883596668301
0.5257657907563114
0.528393354379291
0.5083809993007933
0.5133195089375283
0.5051619673824691
0.5091287862011058
0.5107212891027666
0.5098958778928516
0.5115573556667605
0.5068749088527232
0.5119700721811146
0.5178374055247101
0.5231080506709667
0.5128528291473774
0.49995763467871784
0.5238131989837544
0.5218865173639181
0.5087749648569656
0.5160906094833058
0.4995414277786754
0.5119323767122971
0.5591303881428346
0.49887129947055925
0.5387806672734109
0.5314819028611307
0.5076212767933572
0.5007472747771857
0.49885617068344784
0.5070159864740013
0.5134771130454012
0.5220351467635578
0.5218088171272169
0.5081845384392369
0.5291832180933234
0.5053763499758577
0.5067320091170924
0.5133257415064857
0.4990245449876318
0.525341213267227
0.4972813468249313
0.5034393421266644
0.5038718587166753
0.5194456847056246
0.51200053846487
0.5079804653622475
0.5213730324663592
0.49948665505231243
0.5060314636716768
0.5054335447622013
0.5153750566339862
0.5202939236884955
0.5148505394392985
0.5293252548574557
0.5070244978676025
0.5078743401072898
0.52416327704085
0.5125079835836733
0.51181889405788
0.514209603844213
0.49916596672211466
0.5119769161781589
0.5156569109476243
0.5119878221090259
0.5005254050600704
0.5061760632128083
0.5314023591555558
0.5207237816207367
0.5291885702585142
0.5050312351872601
0.49952334915480107
0.5344546093058191
0.5199941010427231
0.5047205161936038
0.5057170900057745
0.5129263058180051
0.5287012994537449
0.5211509468494665
0.49937730469224423
0.5086189242753425
0.5261428425288907
0.49847417184997883
0.5147746252701227
0.5099429431919908
0.5162289148393745
0.5189817456972341
0.509519220263026
0.5105210015240385
0.5098797249079047
0.5000284747234287
0.4990146837283336
0.5012740421047661
0.503754306474399
0.5128219676471579
0.5007073280425482
0.5214904104311435
0.5135645849647561
0.503689815483351
0.5098981937023507
0.5155490160154703
0.5293931021217847
0.5219111101082381
0.5090198582411832
0.512820417203247
0.52796861640699
0.5085889039607514
0.5127454065541988
0.4993027648258017
0.4998460457159347
0.5223350480507006
0.5097939450389347
0.5234788292011644
0.5234207119113987
0.5225432047058526
0.4987025144353069
0.5223350480507006
0.5622151129425145
0.5097856899863641
0.521942466273863
0.5186877639537861
0.5118130687825512
0.5020483584748098
0.5122530304801113
0.51462415693912
0.5246096966044995
0.5111144314866969
0.4981440940963958
0.5053828707122665
0.5337953708193913
0.5240942225502052
0.4986921343889927
0.524634332455674
0.512273742685542
0.517009269917232
0.5041717445663145
0.5157240594958529
0.5097383203172092
0.512693550555031
0.5246078977527936
0.521188193845607
0.5088158308512584
0.5105127457592517
0.5044692036988409
0.5073143064984719
0.5123323804560774
0.4991641590884982
0.4996729945624459
0.5098512964261656
0.5222791626068489
0.5046133568098536
0.536858253461688
0.49921712230343507
0.5240189212618537
0.5137815402897205
0.5020483584748098
0.4981201037078666
0.520412082375191
0.5071084413193951
0.5149415495916694
0.5007633377833163
0.5059929400988485
0.5200426965782118
0.5123987105813766
0.5262365141669856
0.515213364408927
0.5005908579934266
0.5000505043313975
0.49907416349653294
0.5160122009444839
0.5372030890141086
0.5237323772981444
0.5133632433399554
0.5128486730144048
0.5000728847072049
0.5336124425637401
0.5056960037567888
0.4993291381817627
0.5139507007479567
0.49977964968182725
0.5136361914930756
0.49898495571157303
0.5109276874304569
0.5038299338397241
0.529675417591807
0.5266915353802604
0.5012869891607804
0.5100629768962026
0.5160751623010995
0.5181056406547774
0.4995728576231355
0.5073267535599681
0.5334148005930845
0.5151228256676408
0.5107140945901628
0.5129157817868778
0.5038558577824028
0.5405499434864097
0.5092486275021241
0.5205062122974815
0.5221437774895453
0.5149415495916694
0.4995531260128248
0.5002386558487897
0.5109552696255597
0.5047338111674572
0.5087448755927038
0.5211764174621976
0.5098981937023507
0.505853114897888
0.5202082747754959
0.5133385090932668
0.5072029636299809
0.5036786681210891
0.5259597747673123
0.5194456847056246
0.5288528628922718
0.5063604246609122
0.49902797759726863
0.5356317073974195
0.5201330879368541
0.498916118426936
0.4982196517991303
0.5161910652931553
0.5056931813061594
0.5238137605828161
0.5145924894900628
0.4976449414398882
0.526776210768132
0.5080075598353581
0.5174716909399646
0.4991006811204878
0.5059101807538672
0.5120911172645608
0.5242702059071593
0.5165988869383157
0.5116813390464336
0.5040839311418631
0.5238131989837544
0.49961364879450054
0.49932765073965224
0.5018024508159753
0.5429319861259406
0.5071084413193951
0.5057661374409836
0.5136482149025567
0.5088596466913222
0.5008388102431245
0.5252165234884832
0.5198146004413762
0.5237924798484612
0.508268288514742
0.4999875991651903
0.49912444768050696
0.513329496802814
0.500078144981589
0.5117057459722691
0.5199582668052946
0.535597352952976
0.5249155421987933
0.5366822930856922
0.5228322167576595
0.5107754344786739
0.4992409021145577
0.5129997390881725
0.5167049515622861
0.5099884130487157
0.5056129079788965
0.5153506700206042
0.4990503291416965
0.5068053271139857
0.49973950079001256
0.512064348506689
0.5136772764175609
0.5002951701068583
0.5093490082400203
0.5062887346755767
0.5071487345708456
0.5134174823132811
0.5052323243652908
0.5079902479004539
0.5177333730868874
0.5152366450346377
0.5000027264889941
0.4979464260735642
0.5016529320512225
0.5137846605698948
0.5056966821692025
0.5127332482104899
0.5132606474416533
0.49920945736619643
0.5110182602725091
0.5123323804560774
0.5160388954425872
0.5127332482104899
0.513950406076606
0.5050475875217038
0.5214941551779442
0.5135916584303497
0.5225259966650332
0.5086310026780824
0.5044436965109752
0.5127783835771478
0.5120259195188538
0.5160928695006447
0.5130537905770425
0.5108523135883183
0.49945832388731887
0.5129997390881725
0.5094348931775288
0.5165037177286359
0.5210128475493847
0.5093709420508274
0.5168632329841376
0.5000800516667641
0.5081340301857579
0.49895416861984726
0.5182338108691701
0.525587931807358
0.5059088271051118
0.5149951260903164
0.513934124161282
0.5128521699304484
0.5045432925360519
0.5211295412103383
0.514209603844213
0.5120417398809649
0.5068377782616887
0.5139656777011693
0.5120359852356983
0.5124234164249627
0.5107458874934904
0.5430158232149488
0.5160198413133564
0.5133317144624685
0.5123203199537308
0.4983697081974074
0.5086199801184074
0.5195604710568493
0.4991090185478707
0.5287218090947253
0.49960003877262527
0.516588739908928
0.5303541438304084
0.4998440179027724
0.5048831498389289
0.5077790388468325
0.5240200104045567
0.5097068876594926
0.5256953377834649
0.5298448902853677
0.531137537376862
0.5217897331290584
0.5079577333070406
0.5232514919938047
0.5183631782471902
0.5016529320512225
0.5096680685707854
0.5122386250960559
0.5156607732629551
0.5096189926675077
0.5220566854712119
0.5068749088527232
0.5044292958975349
0.505853114897888
0.49891605678939616
0.5048831498389289
0.5129263058180051
0.5243188855278493
0.5393430297471813
0.49996061378415546
0.5214787839469233
0.5107140945901628
0.5361368619971936
0.522610847962204
0.5207109111729449
0.503572489764044
0.5188863976352944
0.5194685117010022
0.5173209214868632
0.5001814467791438
0.5418389140559079
0.5097159955875282
0.5247164901402923
0.5079068221355786
0.5146310885470042
0.49893624743480075
0.5156815956638993
0.49958324146521854
0.5076335301117111
0.5130986529856116
0.49891605678939616
0.5264903712476151
0.5175247428162816
0.5105516478337012
0.5107109798342995
0.5051619673824691
0.5227024597092796
0.5088596466913222
0.5064035634732181
0.5065149981853446
0.5000257744017985
0.5231494305259378
0.5240020637198101
0.5166630714631254
0.5123987105813766
0.5526878199280665
0.5271141873324723
0.4994288636781133
0.5344911404541018
0.49997162887637603
0.5212390384177245
0.51283075517401
0.5216280155038322
0.5211259954636215
0.5136703039757791
0.5175585653853905
0.5119323767122971
0.5225678187547672
0.5332868926875722
0.5206960687094503
0.5178365739625559
0.5150256239940861
0.5384464115737926
0.5071594520578606
0.5215400871690605
0.5341065062230216
0.5106687145101749
0.5171831535182181
0.51200053846487
0.4982713308038501
0.5007630654232037
0.5053828707122665
0.50713960100462
0.516007372875587
0.49807603212271495
0.5080589598273721
0.498506963764934
0.5020819739455117
0.5087969577749193
0.5014295620724825
0.5215218070708654
0.541745390174607
0.5230144328808871
0.5051189996393842
0.5080177561797181
0.5219735336449357
0.5004560508417046
0.5221740011387526
0.50700646421219
0.5123386027946473
0.5107483662606555
0.5115110409623891
0.5211371630722289
0.5256130747205887
0.5223227013577759
0.5139507007479567
0.49833613358308265
0.5119925412111856
0.5121923116242677
0.5098869836251545
0.5001912130780212
0.5003548596889015
0.49891417376147673
0.5251247014041118
0.5055602046836075
0.5215747354523651
0.5421151662858992
0.5332868926875722
0.5095577853561737
0.5096514895717329
0.5000694146677287
0.512191604233772
0.5114239031324636
0.5145265274610528
0.5196983739694101
0.5240189212618537
0.5160778327617277
0.5080168467766633
0.5041273606766271
0.49945358070871404
0.5158311485404484
0.5286544834408836
0.5294289484932518
0.5052625709392623
0.5056733396401683
0.5098246465129723
0.5212483586021452
0.5056735183461538
0.4997946671339668
0.5227561651240469
0.5084176651940912
0.5070244978676025
0.5038440577160436
0.5035878612878504
0.5054759354025387
0.5156118591692856
0.4973855676184432
0.5217551140047811
0.5179481212581205
0.5108473003094273
0.5212243913902803
0.4991492471383714
0.49949726913317977
0.5100174861240542
0.4994357397561454
0.5478684189951915
0.5064349577959285
0.516439466437909
0.5248602423199045
0.509300757549989
0.5137949235745009
0.5280359767106594
0.49955654024122514
0.5102913503878721
0.5388267980307067
0.5173208254362587
0.5170439006259651
0.4984988067294505
0.499637294505752
0.5080443161225189
0.5357621510228631
0.5216092588165789
0.5400936521120806
0.5195918688553745
0.5079912035586439
0.5116950916709608
0.5218675084403723
0.5127332482104899
0.5007890371823362
0.5078381519877765
0.537472204699652
0.5263198751705218
0.509990189038658
0.5161364617270733
0.5361368619971936
0.49907393490735874
0.5047364886375152
0.49933453028019037
0.49924712255512865
0.5016727357903864
0.5131029970081769
0.5186587373159949
0.5128140594267183
0.510841504978624
0.5153750566339862
0.5046415753884785
0.5097117649895447
0.5035579913246233
0.5120828373237514
0.5091194109798889
0.5178838509888876
0.5142746923494284
0.5357621510228631
0.5155490160154703
0.5089730163137041
0.5129292677472183
0.49907576188468483
0.5159677348029436
0.5177705814265681
0.5156676370493939
0.5077047385881451
0.5292915820067606
0.5036832025740521
0.5080075598353581
0.5405499434864097
0.5270893623280262
0.5136923089710397
0.4990034607366782
0.509437259702657
0.5060043899023519
0.5004455659438167
0.5078754645540224
0.5173052277626919
0.49984077561733525
0.5153007114570469
0.5226577179894167
0.5041717445663145
0.5111606209137184
0.5182422128492541
0.5063604246609122
0.5086509937969597
0.5185193666131762
0.5261271457560185
0.5214478608391783
0.5433341483548457
0.49891417376147673
0.5150118155245982
0.49911444244292186
0.504803536785567
0.5134059594474869
0.5124389254028333
0.5298215921693327
0.5072630738659933
0.5066720319687437
0.5107269472794439
0.5180532267482666
0.4999148063181373
0.5246096966044995
0.4986309992375052
0.5114484852959439
0.5120574474195225
0.5226419223800911
0.5211295412103383
0.5119846400648893
0.4995947967892746
0.5129157817868778
0.5143589940046691
0.5185421770909389
0.5300215108686861
0.536858253461688
0.5249264564091909
0.5106825649629879
0.5128141256218065
0.5111515180164583
0.5108252410051498
0.5279094243834959
0.5100764270472817
0.5044259502300781
0.5279276137445459
0.5037093047733533
0.5160719752083714
0.5020819739455117
0.5236342412779522
0.5063695309160696
0.4990578969452785
0.5019127444736046
0.5208060175206076
0.5336763483029668
0.4996435480200018
0.5236342412779522
0.5097111456412403
0.5213057856950698
0.5087618113104033
0.5050475875217038
0.5210587060009051
0.5097539447610493
0.49913470806058424
0.526776210768132
0.513971139480564
0.50493279930246
0.5114638891418398
0.5153426741133081
0.5293767453657474
0.5343032490219484
0.5032447588259862
0.5637077887181974
0.526439383307918
0.518496851536332
0.49852029516158036
0.5072981169594195
0.5003548596889015
0.5376448688894246
0.5074690649124601
0.5250199829261796
0.5191841131461326
0.541039684652919
0.49964090509493697
0.5234207119113987
0.5221800755339321
0.504273503655043
0.5091287862011058
0.5137815402897205
0.49908574592535243
0.5104185834825997
0.5149415495916694
0.5235380866740892
0.5186758486356182
0.5117810832212032
0.5214470841378955
0.49877623088939865
0.5517357703974459
0.5000403788617764
0.4995138926928578
0.4996073977277706
0.5152416932526528
0.5558088187759742
0.5116598358266163
0.5144790631363525
0.5228461413625007
0.515478140485027
0.5107754344786739
0.5262365141669856
0.5248602423199045
0.5241673836992815
0.5037290725423219
0.512990828584846
0.5106311703279749
0.5128661237899241
0.5086310026780824
0.5076931571605373
0.5131847027563597
0.5326895351772835
0.520412082375191
0.5160781942112345
0.5175287673671515
0.5203252903635728
0.5038440577160436
0.5164092235893973
0.5244673772786904
0.5082725866147254
0.514578202102102
0.5049815565838632
0.5059172308663632
0.512273742685542
0.5080736137129875
0.4995529608407227
0.5286966344236305
0.5096885636674958
0.4990268272111375
0.5068749088527232
0.5228238544034643
0.535597352952976
0.5082712217136255
0.4982527860037475
0.5158201428304376
0.5225619846811796
0.5154181794325051
0.5294055648543816
0.5179032751309952
0.5069969965794423
0.5046738070490382
0.5003860033035654
0.5078381519877765
0.5107754344786739
0.5056733396401683
0.5097124299560746
0.5218865173639181
0.5188249263728119
0.5034668110710507
0.5000749509137565